[[array([[ 2.73923, -4.60427, -9.18053],
         [-9.66945,  6.2654 ,  8.25511],
         [ 2.13272,  4.58993,  0.8725 ],
         [ 8.70145,  6.31707, -9.94523],
         [ 7.14809, -9.32829,  4.59311],
         [-6.48689,  7.26358,  0.82922]])
  array([-1.35392, 18.109  ,  9.41642,  9.6775 , 22.86101, 21.37441])
  np.float64(18.37781321768124)]
 [array([[ 2.3077 , -2.32645,  9.9442 ],
         [ 9.61671,  3.71084,  3.00919],
         [ 3.76893, -2.22157, -7.29807],
         [ 4.42977,  0.50709, -3.79516],
         [-0.28329,  7.78976,  8.68087],
         [-2.8441 ,  1.4306 , -3.56261]])
  array([28.16015, 27.13616,  6.60624, 27.95965, 23.7749 , 14.09632])
  np.float64(587.0508348876098)]
 [array([[-3.1138 , -1.39403,  9.32124],
         [ 1.24464, -4.82271, -5.16649],
         [ 7.76237, -5.48261, -7.50891],
         [-4.23338,  1.72246,  1.08181],
         [ 6.19422,  1.20952, -4.23158],
         [-1.74207,  6.36242,  2.53013]])
  array([33.62667,  2.96817, 11.79658, 16.79469, 28.7726 , 12.36921])
  np.float64(127.52655194612338)]
 [array([[-1.86979,  8.19918, -9.13866],
         [ 6.45413, -1.69232,  6.59608],
         [-9.80091, -2.69908, -8.4274 ],
         [ 3.05229, -4.52302,  4.05304],
         [ 8.87603, -7.46366,  7.29557],
         [-8.81072, -2.38459, -1.40452]])
  array([12.36736, 40.67529,  2.56766, 12.53918, 17.5332 , 13.43066])
  np.float64(513.2871586430103)]
 [array([[ 0.46869, -8.22129,  9.63885],
         [ 1.42791, -9.87182,  5.45298],
         [ 9.56531,  1.7974 , -3.60637],
         [-6.24985,  3.45053, -6.09785],
         [ 1.55376,  2.04478,  9.24846],
         [-8.55469, -0.00054,  4.88195]])
  array([ 8.02584,  9.26301, 10.58032, 13.15338, 16.39227,  8.78437])
  np.float64(22.335056472824572)]
 [array([[ 7.47045, -0.55399,  8.25244],
         [ 5.31834,  8.30648, -7.45194],
         [-8.52874, -8.59347,  7.37709],
         [ 2.6814 , -0.06857, -6.72913],
         [ 3.47467, -3.63965,  4.2176 ],
         [-0.79289,  0.1494 ,  5.79331]])
  array([18.85852, 23.95688, -3.02532, 20.31967, 19.22915, 34.82198])
  np.float64(112.32776661702395)]
 [array([[-2.75384, -1.65104,  0.8282 ],
         [-7.74773, -1.86104, -9.99399],
         [ 4.88761,  7.03752, -7.22137],
         [ 4.07572,  6.42206,  9.63657],
         [ 6.87581, -1.51787,  9.59377],
         [ 9.47969,  0.07354,  5.06893]])
  array([23.92461, -4.79449, 30.75357, 41.47983, 24.47552, 37.88407])
  np.float64(146.08105950838868)]
 [array([[ 1.4137 , -8.1231 , -2.17239],
         [-8.52518, -0.47666, -1.42921],
         [-1.52525,  1.72601, -7.54619],
         [ 8.67538,  3.68101,  6.47563],
         [ 7.93602,  1.6664 , -9.19564],
         [ 4.22974,  1.38052,  6.51914]])
  array([ 7.55086, 14.15303, 22.56787, 29.9981 ,  6.36641, 24.48797])
  np.float64(119.27096665359487)]
 [array([[ 5.78495,  1.13671, -5.55093],
         [ 1.15495, -9.75707,  4.25987],
         [ 4.33501,  2.9209 ,  2.22677],
         [-8.52567, -5.07188,  1.48756],
         [-2.11626,  9.84046,  8.47491],
         [-6.95984,  1.79921,  3.9243 ]])
  array([ 6.33049,  5.72303, 31.24431, 15.02214, 27.10964,  6.69304])
  np.float64(20.42137189101983)]
 [array([[ 6.43584,  1.69965, -0.46823],
         [-4.877  , -8.54683, -9.64217],
         [ 1.5994 , -6.17779,  9.51066],
         [-7.85046, -0.95822, -2.1068 ],
         [-5.35377,  4.97511,  2.8741 ],
         [ 4.51515, -8.34383, -2.94513]])
  array([23.74242, -9.69109,  7.11018, -4.28869, 30.90115, -1.05928])
  np.float64(85.71828879108523)]
 [array([[ 3.87969,  1.70959,  4.65772],
         [ 0.40051, -0.74264, -4.26462],
         [-5.41697,  3.90604,  3.91423],
         [-6.09035,  9.43675,  3.42302],
         [ 0.62432,  6.82351, -0.26959],
         [-0.4811 , -4.83451, -6.87729]])
  array([31.884  , 20.87246, 23.05947, 18.46524, 24.87418,  5.14606])
  np.float64(1100.0714270826618)]
 [array([[-2.78057,  1.53815,  0.5564 ],
         [-2.89302,  2.74842,  3.51535],
         [ 1.16558, -2.2541 ,  2.47806],
         [ 1.83806, -3.19352, -3.93598],
         [ 0.91498,  2.24683,  2.21597],
         [-2.34324,  1.31548,  9.71539]])
  array([12.72669, 28.81818,  4.74792, 21.09017, 33.68726, 17.28169])
  np.float64(3954.560664737182)]
 [array([[-3.86986, -5.37255,  3.01533],
         [-4.70628,  7.24551, -4.58703],
         [ 3.46719,  1.36368,  2.56918],
         [ 7.90834, -6.60023, -7.00369],
         [-7.56196, -8.47122,  0.68462],
         [-6.68538,  6.14336, -9.54779]])
  array([ 5.63652, 12.67511, 14.67937,  5.6257 , -7.8876 , -0.91679])
  np.float64(26.82251274501693)]
 [array([[ 8.53742, -1.65649, -2.2827 ],
         [ 2.22349,  3.28284,  3.20553],
         [-8.30482,  1.63805,  4.71847],
         [ 5.91137,  1.77069, -7.38854],
         [-8.32519, -3.53893,  8.55118],
         [-0.54765,  7.90948, -0.8065 ]])
  array([27.49665, 23.78055, 19.60407, 10.49171, 23.49315, 15.26086])
  np.float64(419.44080679387724)]
 [array([[ 4.99911, -6.72115,  3.78603],
         [-2.88726,  8.30237,  5.03079],
         [-4.52538,  8.76053, -9.49534],
         [-6.30352, -5.16194,  4.6416 ],
         [ 0.52336, -0.71249, -5.54933],
         [ 5.12934, -7.65787, -5.05318]])
  array([26.44845, 24.52628, 21.16752, 11.6244 , 18.15833, -1.14701])
  np.float64(63.55705199018342)]
 [array([[ 9.0027 , -9.38936, -8.67779],
         [-9.44368,  3.31889, -5.59535],
         [ 1.5284 ,  5.90732, -3.36372],
         [-5.08645,  4.50817, -0.48204],
         [-7.0158 , -8.2511 ,  4.74335],
         [ 7.20825,  7.80724,  0.20178]])
  array([-3.61427, -4.17607, 18.2242 , 24.64354,  9.33218, 24.16927])
  np.float64(30.2932432111255)]
 [array([[-7.51143,  2.32484, -4.57587],
         [-2.29695, -6.52344,  5.24343],
         [ 7.08995, -7.34391,  0.3367 ],
         [-2.09974,  5.80031, -0.70015],
         [ 4.61618,  1.32208,  9.56496],
         [-1.60734,  9.75342, -1.69123]])
  array([-3.46507, 20.10339,  8.9626 , 20.4073 , 35.23766, 13.24549])
  np.float64(22.14174854039969)]
 [array([[-9.31186,  9.74067,  6.3478 ],
         [-7.52589,  6.95939, -4.8374 ],
         [-5.05431,  5.45233,  5.14724],
         [ 6.91915, -7.26696,  4.95172],
         [-0.60352, -3.48233,  4.68606],
         [ 6.90286, -3.55078, -6.90377]])
  array([36.53547, 22.25261, 14.95066, 29.22193,  4.20131, 23.91214])
  np.float64(217.83186245597054)]
 [array([[-1.88834,  7.38387, -1.2339 ],
         [ 7.66156,  1.5108 , -1.50765],
         [-4.95394,  6.47228,  2.88401],
         [-5.75548, -7.39859, -7.49137],
         [ 8.18144, -1.93217,  6.40616],
         [ 7.90724, -5.47334, -9.34855]])
  array([10.49138, 31.08109,  5.84933, -3.28561, 19.20216, 16.31851])
  np.float64(13.295742734413706)]
 [array([[-0.41249,  0.9816 , -4.13183],
         [-0.86843, -9.08575,  6.19039],
         [ 8.14998,  5.05295, -0.08755],
         [ 6.87569, -9.92358,  3.31915],
         [ 5.34772, -3.46688,  7.13143],
         [-9.9962 ,  2.6424 , -3.97952]])
  array([15.66749,  4.52562, 20.19899, 19.4299 , 24.42339, -4.90218])
  np.float64(24.014249585714335)]
 [array([[ 2.00428, -7.04589, -2.6826 ],
         [ 7.18072, -0.63433, -3.26294],
         [-3.18092,  6.49288, -0.91402],
         [ 8.96707, -3.756  ,  5.12961],
         [-4.28589,  5.35678, -9.64804],
         [-7.40358, -4.81486,  7.40184]])
  array([ 2.62824, 18.30569,  6.50223, 27.77435, -4.79331,  0.28986])
  np.float64(8.843964005384674)]
 [array([[-7.61828,  6.35867, -3.08955],
         [ 3.83525,  9.76932,  4.03523],
         [ 8.13371, -9.7329 ,  2.07435],
         [-8.05355,  7.45009,  9.20496],
         [-9.31693, -7.33477,  6.65522],
         [ 3.73773,  9.63316,  5.13018]])
  array([13.88235, 34.27786,  1.76132, 32.33213,  2.13957, 22.59401])
  np.float64(153.20942065508868)]
 [array([[ 8.25259, -6.9332 , -4.7961 ],
         [ 2.92706,  4.96362, -8.99327],
         [-4.62272, -2.61934,  6.94493],
         [-9.96165,  7.79991, -3.30539],
         [ 2.33147,  8.71522, -8.76803],
         [ 0.90507, -5.55565,  4.04495]])
  array([21.24002,  7.03865, 25.63982,  0.67786, 17.20075,  4.20156])
  np.float64(290.1959162754763)]
 [array([[ 4.11642,  3.90184, -1.23612],
         [ 6.69399, -3.52433,  2.46388],
         [ 0.80046, -8.56612, -3.05548],
         [ 1.26277,  9.52115,  5.67303],
         [-0.38186, -6.07059, -4.60075],
         [-9.15152,  1.63162, -1.5154 ]])
  array([26.87988, 22.04595,  2.2656 , 27.66571, -8.87516, 20.47075])
  np.float64(108.30783657372096)]
 [array([[-8.49605, -9.49068, -5.69394],
         [-7.27628,  5.88866, -6.96741],
         [-3.201  , -9.73503,  8.63138],
         [-3.57919,  6.85757,  9.2387 ],
         [ 4.54904, -4.78516, -0.15709],
         [ 5.65304,  3.97292,  6.55143]])
  array([-6.88802, 11.71255,  7.22804, 19.06786, 20.82675, 17.26098])
  np.float64(50.677410698827295)]
 [array([[ 1.46155,  5.47944,  7.05746],
         [ 7.22457,  5.20444, -3.04685],
         [ 1.63162,  6.26246, -7.22308],
         [-8.37159, -0.8283 , -3.79319],
         [-9.92531,  0.33727, -2.54044],
         [ 7.66269, -3.31648,  3.25342]])
  array([31.47272, 19.0725 , 15.23175, -1.33094, -4.23848, 11.15519])
  np.float64(17.96110153421366)]
 [array([[-9.29296,  4.85927,  5.80316],
         [ 9.30262, -9.28439,  6.25623],
         [-3.26404,  3.33179,  8.01121],
         [-4.96764,  9.86856, -9.24303],
         [-7.70569, -0.38645,  4.37902],
         [ 8.52988,  6.94543,  9.41027]])
  array([15.16887, 19.05761, 26.17302, 16.72442, 23.47044, 43.05425])
  np.float64(0.0)]
 [array([[ 1.02882,  2.36862,  6.22477],
         [ 1.63172, -5.97312,  9.39857],
         [-4.0747 ,  4.50728,  3.75451],
         [ 8.46553,  5.30054, -2.2459 ],
         [-9.03965,  3.12676, -9.76229],
         [-8.95194, -9.53678,  1.46261]])
  array([33.45805,  8.09447, 14.44668, 23.51638, 11.40832,  2.71764])
  np.float64(45.999445393899734)]
 [array([[-3.92372,  8.2931 , -6.22558],
         [ 7.89872, -6.93023, -4.08111],
         [ 9.67406, -9.05364,  6.76589],
         [-6.72633,  0.38191,  9.164  ],
         [-7.6214 , -2.46193,  0.1636 ],
         [ 3.04465, -3.27524, -5.02506]])
  array([25.47058, -1.87864, 36.84178,  8.1494 , -2.21986, 16.96165])
  np.float64(68.52304278005458)]
 [array([[ 5.06122,  0.26038, -9.56905],
         [-5.54679, -5.84027,  7.84635],
         [-0.82331,  5.34886,  8.12471],
         [-2.13698,  8.47769,  3.60829],
         [ 2.0972 , -0.98637, -1.15777],
         [-3.52027, -4.42193, -0.29711]])
  array([ 8.57471,  5.06648, 15.78832, 39.17381, 17.56227,  2.50373])
  np.float64(58.52547947664361)]
 [array([[ 6.80616, -0.25905,  6.71693],
         [-6.70467, -7.08805, -5.29477],
         [ 7.20455,  5.2924 , -3.43918],
         [ 8.67071,  7.20708, -2.23839],
         [ 1.99714,  9.69666,  4.12598],
         [-6.04519,  1.9726 ,  7.82502]])
  array([29.70154, -4.5336 , 31.67419, 27.80669, 35.18094,  4.95621])
  np.float64(45.14032083429982)]
 [array([[ 5.25622,  9.22059,  6.90444],
         [ 6.33423, -0.52825,  4.70719],
         [-0.21682, -7.72915, -9.32929],
         [-3.03608,  6.73261, -0.5967 ],
         [-7.77953, -9.32889,  0.55717],
         [-5.03182,  2.77436, -4.08543]])
  array([35.24546, 15.61349, -4.50644, 20.59006, -0.16758, -2.37986])
  np.float64(12.651793130656593)]
 [array([[ 2.03997, -2.37384, -9.81696],
         [-1.03355, -4.60557,  9.9056 ],
         [ 1.56921,  7.71358,  3.82505],
         [-8.17151, -0.18609,  8.99413],
         [ 0.62728, -7.17229,  5.24959],
         [ 5.56015,  4.69074,  3.21435]])
  array([15.52489, 17.74572, 23.97732, 27.60927,  2.19151, 42.56947])
  np.float64(144.5783725060914)]
 [array([[-9.90147,  5.23506,  2.53624],
         [ 8.95973,  8.60892, -1.56432],
         [-7.77719, -1.60959, -2.06366],
         [ 0.00044, -5.01454, -3.47538],
         [-8.71946,  5.04817, -4.41305],
         [ 3.61647, -4.46543,  6.82724]])
  array([ 5.77896, 20.50182, 12.19875, -0.87486, -2.02195, 23.53597])
  np.float64(11.267462339228267)]
 [array([[-0.15843, -9.38981, -1.88359],
         [-0.16848,  7.12615,  3.55091],
         [-2.95445, -6.31398, -9.09562],
         [-3.42975, -8.74348, -6.48188],
         [ 3.01495, -5.96899, -2.52163],
         [-9.85824,  8.25351,  6.81714]])
  array([-7.68785, 31.36107, -3.10223,  6.17975,  0.70786, 11.43544])
  np.float64(181.63216202641786)]
 [array([[ 9.08005, -5.83473, -1.30014],
         [-6.65551, -3.50029, -3.39107],
         [ 2.15413,  0.58259,  9.13554],
         [ 6.15663,  4.86897, -4.0657 ],
         [-3.94254, -0.84991, -4.13268],
         [-6.28432, -6.06639, -2.41804]])
  array([ 12.69516,  14.74504,  30.41802,  33.18479,  -5.06518, -12.63393])
  np.float64(111.80555411777205)]
 [array([[ 6.67462, -1.25349,  1.01339],
         [-4.5457 , -1.3357 , -7.34602],
         [ 9.83262,  0.99301, -8.02364],
         [ 7.03155, -1.39841,  2.70395],
         [-6.85497, -2.08823, -0.04026],
         [-0.05495,  6.39512, -0.08421]])
  array([16.20701, -4.46252, 12.72535, 23.03478, -0.31891,  8.15341])
  np.float64(40.610294370649534)]
 [array([[-6.01528,  1.56312, -4.58933],
         [-3.36341, -4.82844, -8.06453],
         [-6.39214, -4.91039,  6.787  ],
         [-5.57549,  6.56796,  4.86599],
         [ 9.48589,  5.0718 , -7.69774],
         [ 8.80086,  6.84189, -1.12743]])
  array([  4.53259, -14.35871,   2.79608,  27.59016,  11.06523,  44.27592])
  np.float64(21.33607661831643)]
 [array([[-9.56635,  9.81947, -4.07585],
         [-0.7827 ,  0.90943, -4.20894],
         [-5.59005, -8.98862,  6.46866],
         [ 9.44619, -7.48885,  7.19662],
         [ 4.41079,  5.00451, -2.24389],
         [-8.8485 ,  3.80846,  9.24253]])
  array([16.28126,  3.70531,  8.45532, 13.68253, 28.98988, 24.71555])
  np.float64(30.90952693748395)]
 [array([[-6.86358, -0.6601 ,  8.13675],
         [ 4.14753, -2.79652, -6.26693],
         [ 4.10024,  0.83832,  4.4058 ],
         [-9.10289, -6.53719, -3.60253],
         [-0.66927,  1.38892,  1.24188],
         [ 0.85831,  1.32233, -1.65049]])
  array([ 9.69864, 11.10983, 13.87831,  3.48625, 30.59667,  3.09895])
  np.float64(29.422463108367623)]
 [array([[ 7.86474,  6.14309, -7.28907],
         [ 8.2708 , -1.82384,  8.29174],
         [-8.32727,  9.6758 , -8.06521],
         [ 4.9085 ,  4.28826,  5.14335],
         [-5.10672,  4.95859,  0.25802],
         [-9.05901, -8.04942, -4.39525]])
  array([ 32.29478,  28.08061,   2.23059,  30.85225,  10.68625, -11.56947])
  np.float64(24.798484888603372)]
 [array([[ 8.51817,  4.33379, -8.46434],
         [ 8.80875, -2.1422 ,  2.56531],
         [-6.49051,  0.42476, -5.59048],
         [ 3.09605, -3.88278,  9.93646],
         [-7.82215,  1.28014, -6.32863],
         [-4.09116,  7.20722,  0.02552]])
  array([ 7.96896, 31.36161,  2.22264, 12.54761,  2.18152, 17.06189])
  np.float64(19.62476553248262)]
 [array([[ 3.41427, -5.36742,  4.16465],
         [-0.6132 , -9.39414, -9.10684],
         [-4.08195, -8.05167,  3.76151],
         [-0.78493,  2.88032,  3.33202],
         [-9.05006, -1.7083 ,  3.65766],
         [ 8.06231,  8.91997, -2.34586]])
  array([19.92556,  8.97237, -6.06194, 34.73686,  7.08819, 40.26752])
  np.float64(145.9608263866089)]
 [array([[-7.16204,  6.99581, -1.88493],
         [-6.16513,  9.69768,  2.15328],
         [-5.55526,  5.26831, -2.58933],
         [ 0.64517, -2.8687 , -6.72974],
         [ 6.55896,  4.13303, -4.78809],
         [ 0.55375, -9.74532,  6.89657]])
  array([ 5.39649, 15.60878, 23.95245, -2.2536 , 26.51925,  0.30583])
  np.float64(13.778367170466328)]
 [array([[-1.10919,  9.99114,  3.33942],
         [ 2.19392, -1.06117,  5.94445],
         [-8.69056,  2.34971,  6.28971],
         [-2.73683, -0.991  , -3.94608],
         [-0.87616,  3.15958, -9.99244],
         [-9.16146,  0.44207, -6.0192 ]])
  array([19.68773, 20.78647, 17.01765, 14.85637, -0.9074 , 11.42301])
  np.float64(1008.0176322446965)]
 [array([[ 6.95222,  1.57616, -7.38101],
         [-1.33071, -8.68911,  9.33524],
         [-6.93689,  7.56614,  0.50597],
         [-3.67672, -8.39684,  1.29837],
         [-2.13262, -7.62951, -8.37796],
         [-0.6042 , -7.28112, -4.65749]])
  array([ 30.58813,  20.8143 ,  23.11137,  18.54177, -11.78521,  14.52597])
  np.float64(465.5678207061305)]
 [array([[-2.00185, -7.09537,  2.23349],
         [ 8.49338, -5.16927,  8.94348],
         [ 0.46383,  4.22109,  0.34246],
         [-6.72151, -8.36557, -9.31696],
         [-9.07707, -1.03245, -3.03704],
         [ 4.32655, -1.96435, -0.23806]])
  array([-1.94519, 34.12358, 14.89277, -1.25964,  7.68647, 21.77575])
  np.float64(134.8796481462219)]
 [array([[-0.84586,  4.88892,  0.54277],
         [-8.19458,  4.67538, -7.4481 ],
         [ 8.90054,  0.23354,  2.90655],
         [-9.70995, -7.25527,  6.34812],
         [-8.83695, -9.16043, -8.26793],
         [-6.51333,  5.01219,  3.30299]])
  array([28.51839, 12.12535, 14.91878, -2.44734,  1.66718, 18.32982])
  np.float64(25.267238829797623)]
 [array([[ 4.07975,  9.54067,  8.53808],
         [ 8.53677, -1.79261,  0.71438],
         [-8.65628, -9.04552,  0.69012],
         [-5.39921, -2.95309, -5.01207],
         [-0.66285,  8.54628, -5.3937 ],
         [-8.36903,  9.06523,  2.74251]])
  array([ 33.8973 ,  23.0429 , -13.20182,  -3.34274,   4.60999,   8.79111])
  np.float64(7.259836660169999)]
 [array([[-0.51333, -8.34994, -3.53136],
         [ 1.84359,  7.24343, -5.42935],
         [-2.74313, -4.45467, -4.27326],
         [ 9.20297, -1.33831,  6.18851],
         [-7.00477, -0.77214, -0.64849],
         [ 2.44658,  3.45474, -2.15307]])
  array([-5.64433, 32.05511,  0.27142, 18.67667,  8.2843 , 10.74827])
  np.float64(87.79617492823827)]
 [array([[ 9.97884, -4.93228,  5.7797 ],
         [-2.25939, -8.63906, -4.38409],
         [-6.81563,  4.44321,  0.90603],
         [-6.96028,  2.0934 , -6.78338],
         [ 1.44127, -3.12179,  5.17102],
         [-0.12847,  6.47797, -2.96314]])
  array([23.56998, -6.36433, 19.65071, 16.25436,  6.53659, 21.31994])
  np.float64(60.79161260602542)]
 [array([[ 0.67982,  6.84289, -0.46398],
         [ 2.61612, -4.03894,  2.33595],
         [ 6.41342, -7.62572,  3.43354],
         [-7.65434,  5.61589,  0.43647],
         [ 2.15747, -2.02468, -0.36961],
         [-6.45223,  6.39475, -5.06833]])
  array([25.5284 , 21.78568, 11.79908,  2.89449,  5.37279,  0.00776])
  np.float64(54.55567675910043)]
 [array([[-1.45069,  6.50349, -9.11924],
         [ 0.67215,  4.08081, -0.66977],
         [ 7.45068, -2.3752 ,  4.1393 ],
         [-6.6246 , -7.27356,  2.68051],
         [-1.39886,  0.7989 ,  2.33222],
         [-4.37435, -0.22589,  6.82043]])
  array([-0.44107, 21.64876, 34.23345, -9.61652, 23.48061,  9.0735 ])
  np.float64(33.01246649823962)]
 [array([[ 1.56792, -2.82334,  5.13958],
         [ 9.6215 ,  5.00169,  8.22555],
         [ 1.28233, -3.98076, -7.30018],
         [ 8.85248, -6.11324,  5.90919],
         [ 1.87771, -1.86405, -3.85842],
         [-9.67481,  8.1159 ,  1.2603 ]])
  array([27.16804, 42.97076, 16.87097, 12.64565, 17.2297 , 21.10047])
  np.float64(222.83190119863082)]
 [array([[-0.58259, -6.14126, -1.19703],
         [-9.61596,  4.38131,  9.74721],
         [ 6.99152, -0.09739,  4.28028],
         [-3.58154, -3.1002 , -2.34838],
         [ 5.58061, -2.9189 ,  2.04667],
         [ 5.87909,  8.60341,  3.97626]])
  array([ 8.68326, 29.16607, 23.48094,  5.50429, 30.50547, 21.13929])
  np.float64(686.2171471885204)]
 [array([[-5.96369, -9.22675,  1.26749],
         [ 5.61017, -6.21707,  8.46272],
         [-3.1654 ,  0.60726,  2.65965],
         [ 0.96825,  1.65129, -7.93082],
         [ 0.00563,  4.99674, -7.17059],
         [ 8.57454, -8.73111,  5.59984]])
  array([-1.70122, 17.37151, 25.73811, 19.49484, 16.43549, 17.4987 ])
  np.float64(293.92420832251065)]
 [array([[-6.71145,  5.89941, -6.52823],
         [-0.78507, -7.41316,  5.52031],
         [ 3.42543, -9.01995, -6.40702],
         [ 2.49476, -1.54987, -3.95777],
         [ 2.5931 ,  7.68557, -0.60855],
         [-5.53508,  0.67843,  1.92361]])
  array([-0.26258, 19.55434,  4.72588, 17.03264, 23.80912, 10.78889])
  np.float64(97.17169647068941)]
 [array([[-5.79729,  7.83242, -6.05286],
         [-5.0126 , -2.72909,  9.46106],
         [ 1.03764, -7.07667,  6.79064],
         [-4.19318, -9.58103,  4.64566],
         [ 9.2333 ,  7.89637, -9.24586],
         [-0.76217, -6.18245, -3.93388]])
  array([ 2.41371, 25.45659,  9.87846, 19.88149, 24.10655,  6.71156])
  np.float64(35.792638220012506)]
 [array([[ 5.75679,  3.61332,  7.24555],
         [-7.45328, -0.0888 ,  0.94954],
         [-7.81716,  4.6524 , -0.92016],
         [ 2.40306,  7.26739,  4.16869],
         [ 5.42268, -4.14368, -1.05471],
         [ 8.46405, -2.2196 , -0.57619]])
  array([21.388  , 13.81164,  3.47627, 19.61034, 26.43849, 11.79849])
  np.float64(229.67502981085622)]
 [array([[ 1.78481, -4.67659, -0.32181],
         [ 8.34775,  5.48139,  5.35515],
         [-8.14868, -7.85946,  5.41703],
         [-0.42888,  6.93319, -2.49009],
         [ 2.58388, -4.64838, -1.9794 ],
         [-0.03441, -6.50448, -2.26692]])
  array([ 8.10523, 27.1645 , 12.42611, 22.60348,  9.52153,  8.84566])
  np.float64(139.73488892657298)]
 [array([[-2.22374,  0.59714,  3.12871],
         [ 2.96649, -5.18459, -0.67963],
         [-3.26388,  9.58182,  2.58192],
         [-3.37601, -5.00434, -9.73688],
         [-8.40665,  6.24254, -5.20401],
         [ 2.84415,  9.02163, -7.58303]])
  array([29.59373,  3.60047, 35.57197,  4.01339, 17.44396, 15.60466])
  np.float64(402.839062239365)]
 [array([[-1.27741, -6.89125,  0.38419],
         [ 9.29696, -5.08095, -6.17588],
         [ 6.86324, -2.39559,  0.21555],
         [ 1.23849,  1.63097,  6.13947],
         [-1.84285,  0.12699, -8.34326],
         [ 7.53158,  3.46055, -3.32548]])
  array([-1.6389 , 14.38386, 10.75098, 20.61069,  6.87539, 22.8714 ])
  np.float64(543.479854930271)]
 [array([[ 1.09275,  9.96945, -5.69268],
         [-1.09258, -8.92586,  6.19293],
         [ 1.71121,  8.51996,  3.15307],
         [-0.47793,  0.59674, -0.97254],
         [-3.32413,  2.09085, -1.66095],
         [ 6.41051,  7.36474, -3.24186]])
  array([26.42882,  9.66696, 21.44312, 28.83897,  5.01113, 30.68195])
  np.float64(5129.257566614217)]
 [array([[ 5.24907,  3.89808, -8.23258],
         [-4.27876,  3.6673 , -4.89625],
         [ 9.36589, -1.15798,  1.04317],
         [ 0.07532, -1.37049, -0.6908 ],
         [ 8.34387, -9.53165,  9.39551],
         [-7.70785, -1.38974,  3.8519 ]])
  array([25.12238, 14.57384, 24.46666, 24.83406, 21.81494,  2.92923])
  np.float64(438.7466330558527)]
 [array([[ 5.61693,  1.28971, -7.31455],
         [-3.40365, -8.21426,  0.82538],
         [-7.00124,  4.31779,  1.11015],
         [ 9.42156, -9.76718,  4.32223],
         [-5.9264 , -9.31041,  2.56342],
         [ 0.91431, -3.95268,  0.1466 ]])
  array([ 2.18972,  2.59565, 16.15558, 30.34322, 12.89485, 21.22748])
  np.float64(0.0)]
 [array([[ 8.43987, -1.63833, -1.01901],
         [-9.81607, -0.85325,  0.18189],
         [ 1.10363,  9.07436, -8.35493],
         [-3.7881 , -1.48057,  6.54083],
         [ 3.06326,  6.09388, -7.95248],
         [-3.37783, -9.64136,  8.47022]])
  array([27.63588,  0.95793, 17.4642 ,  2.55482, 24.92647, 23.0767 ])
  np.float64(87.76889120940719)]
 [array([[-4.8557 ,  4.03441,  0.24855],
         [ 3.33544,  1.45   ,  0.50481],
         [ 1.81624, -7.86046, -8.23228],
         [-3.73478, -8.22233, -2.43175],
         [-8.36841, -6.67725,  4.10971],
         [-9.51701,  1.77787, -3.01548]])
  array([22.22854, 29.52452, -9.91828, -1.79639,  0.34387,  8.73503])
  np.float64(755.2835743288449)]
 [array([[-9.40376, -4.6719 ,  7.25419],
         [ 4.12321, -4.67384,  1.00168],
         [-1.97083,  4.04562, -1.12176],
         [ 7.45486,  8.54494,  7.13183],
         [-7.4315 , -4.35758,  8.09251],
         [ 8.76895,  9.02559, -9.76363]])
  array([ 4.16606, 14.16552, 13.59483, 24.9618 ,  4.40773, 36.43615])
  np.float64(0.0)]
 [array([[-5.02554, -6.09726, -1.08652],
         [ 4.45789, -9.31955,  4.26839],
         [-3.67412, -2.77197,  9.99132],
         [-6.28654,  5.04569, -2.17755],
         [ 7.36268,  6.0296 , -6.01677],
         [-9.79623,  9.77128,  9.81754]])
  array([-4.12396,  7.64243, 26.91058, 20.90892, 21.10088, 32.05362])
  np.float64(24.018075305824812)]
 [array([[-8.12439,  5.31113, -7.40521],
         [-3.67388, -3.87444, -2.89803],
         [ 7.17463, -6.38237,  7.42696],
         [-2.49958, -8.5692 ,  7.56299],
         [ 5.34273, -1.05706,  3.07849],
         [ 3.545  , -2.00235,  0.96593]])
  array([ 2.49109,  4.44435, 29.61582,  9.53073, 20.08211, 25.89127])
  np.float64(673.2212787393076)]
 [array([[-5.47347, -5.20202, -2.56391],
         [-7.44503, -6.10371,  6.35269],
         [-4.74335, -8.82458, -6.60409],
         [-5.05847, -6.91628, -3.37057],
         [-4.07587,  5.64882, -1.76423],
         [ 5.15646,  4.30973, -3.26676]])
  array([ -5.00543,  21.79958,  -0.08104, -11.34653,  23.08179,   8.06383])
  np.float64(1258.7810359461623)]
 [array([[-3.68052, -6.16955, -9.60599],
         [-0.45585,  4.8824 ,  6.26079],
         [-4.28349,  6.61171,  4.51841],
         [ 4.12824, -0.67264,  0.59595],
         [-7.44158,  7.14057,  3.11431],
         [-2.60875, -2.05073, -1.50231]])
  array([-6.33094, 16.66353, 14.49778,  9.81586, 24.78555, -3.85114])
  np.float64(44.548659097125814)]
 [array([[-8.99928, -9.99503, -1.52796],
         [-1.80277,  1.92098, -3.1846 ],
         [ 7.41482,  2.23433,  4.58568],
         [-6.99206, -5.2271 , -1.89694],
         [ 2.22501, -6.44902,  5.62952],
         [-3.47373,  5.01251,  3.27684]])
  array([-16.9217 ,  17.4655 ,  38.39259,  15.79567,  12.23663,   6.85588])
  np.float64(657.6126260475762)]
 [array([[-2.8302 ,  1.7028 ,  0.81747],
         [-9.37448, -9.37656, -1.21352],
         [ 7.55506, -8.57215,  6.59178],
         [ 0.72266,  7.65479, -2.87226],
         [ 6.32009,  1.13789, -6.86975],
         [-5.97837,  9.40735, -3.91354]])
  array([ 1.94894, -6.1737 , 23.47613, 26.54908,  1.60524,  6.00654])
  np.float64(10.60014869002389)]
 [array([[-4.43232, -2.93068, -9.41005],
         [-4.56465,  1.77606,  0.38629],
         [-7.53756, -3.09465,  1.02673],
         [ 0.50648, -7.25429,  6.61814],
         [ 7.14037,  7.16662,  2.77454],
         [ 5.2571 ,  5.803  , -0.04747]])
  array([-10.98645,   9.9525 ,  11.17575,  22.34019,  21.31366,  15.38682])
  np.float64(33.88771356044377)]
 [array([[ 5.6564 ,  9.9773 , -4.65163],
         [-6.34214,  2.95865, -7.87394],
         [ 5.83305, -6.40262,  1.4325 ],
         [-9.4458 , -6.13775,  3.91658],
         [ 2.1814 , -7.17402, -6.19735],
         [ 4.68749,  9.97681, -4.72897]])
  array([34.98063, -8.62105, 15.53471, 16.138  ,  7.13905, 21.06888])
  np.float64(23063.206262643846)]
 [array([[ 7.2127 , -2.86931,  7.93221],
         [ 0.0329 , -8.79218,  7.50385],
         [-5.56082,  4.43996, -9.31634],
         [-9.54848, -3.16262,  0.92091],
         [ 6.40628,  9.11613, -8.99172],
         [-6.16862,  2.06949,  0.2466 ]])
  array([26.58839, 24.94877, 13.83481,  2.33705, 13.88441, -1.98422])
  np.float64(58.47530744257802)]
 [array([[-3.02446,  5.55899, -8.38171],
         [ 5.72815, -6.22323,  8.08437],
         [-7.53565, -3.56683, -3.62509],
         [ 9.95298, -2.81578,  4.87885],
         [-3.1144 , -0.81901,  2.82936],
         [ 0.21814, -5.48991, -6.66153]])
  array([22.51998, 26.04323, -0.59755, 25.4177 , 26.29352, -4.10604])
  np.float64(771.3064111724266)]
 [array([[-5.5734 ,  4.21253, -2.88529],
         [ 1.48974, -5.46452,  8.55755],
         [ 6.50171,  6.40056, -9.15636],
         [-9.58236, -8.57785, -3.11577],
         [-3.49977,  7.02068,  6.84483],
         [ 6.69579, -0.33948,  1.17857]])
  array([ 9.40964, 16.29501,  7.20841,  2.96782, 28.18904, 24.35222])
  np.float64(21.14975269302136)]
 [array([[ 0.57745, -6.77467,  6.57558],
         [ 3.52024, -1.07189, -2.90714],
         [-8.56358,  7.25628,  2.47148],
         [ 5.30064,  7.251  , -2.97179],
         [-1.87771,  8.30693, -7.84013],
         [-1.04783,  2.87674, -7.20575]])
  array([11.1174 ,  8.19819, 29.62366, 10.61322,  5.41914, 24.15416])
  np.float64(83.53146231123836)]
 [array([[ 0.88319,  7.90367,  0.54719],
         [ 4.22523, -4.04659,  6.37009],
         [-8.74056,  3.01444,  6.94359],
         [-6.60372, -6.80314, -9.99324],
         [-2.28491, -3.36478,  8.03489],
         [ 8.115  ,  3.24967,  2.58797]])
  array([ 35.83976,  26.6628 ,   6.435  , -16.84748,  12.76856,  39.10787])
  np.float64(59.87832982498086)]
 [array([[ 2.64119, -4.21664, -2.56406],
         [-0.22097,  2.24202, -8.571  ],
         [-5.33184, -7.36603,  7.55084],
         [-0.68326,  5.02896,  4.21859],
         [-6.17062,  1.6174 , -7.31937],
         [-4.94455,  4.61072, -3.81446]])
  array([17.86324,  1.19167, 20.2346 , 29.34153, 11.42862, 22.0962 ])
  np.float64(497.23377564578226)]
 [array([[-8.38085,  1.88081, -0.47806],
         [-8.9713 ,  4.08791,  0.11428],
         [ 2.52684, -7.28231, -6.13822],
         [ 4.26464,  8.52918, -2.88029],
         [ 9.67913, -5.61887, -6.23943],
         [ 4.56836, -4.85217,  9.0861 ]])
  array([-4.61014, 12.70371, 13.37626, 32.40657, 26.65303, 16.4377 ])
  np.float64(27.88882045345484)]
 [array([[ 7.23246,  7.27207,  0.03776],
         [-4.30001, -2.40029, -1.39961],
         [ 1.19253,  3.56216,  0.05621],
         [ 7.01856,  1.63031,  8.38243],
         [ 7.31054, -5.43876, -5.2216 ],
         [ 1.53358,  4.68074, -4.5246 ]])
  array([42.33575,  4.61371, 16.38077, 41.69231,  1.25752, 31.57698])
  np.float64(269.2223280429719)]
 [array([[ 9.58234,  6.0893 , -5.02094],
         [ 5.99962, -8.84602,  9.71683],
         [-7.54034, -7.93522,  6.73701],
         [-8.61516, -3.58773, -5.58949],
         [-5.11448, -2.58342,  1.97607],
         [ 0.50405,  9.66782,  7.95525]])
  array([ 23.33532,  26.32273,  14.3532 , -13.68717,  13.25767,  40.22271])
  np.float64(16.90356353872467)]
 [array([[ 2.54741,  6.77765,  4.42057],
         [ 1.56244, -7.68428,  1.17785],
         [-3.11635,  1.05502,  0.60052],
         [ 5.71742,  7.20543, -9.97193],
         [-0.73809,  3.68532, -2.90392],
         [ 5.81707, -9.85676, -6.70277]])
  array([30.51175, -2.17143, 18.9692 , 30.70073, 25.23775, 10.55959])
  np.float64(227.00755772041498)]
 [array([[ 7.92046, -3.45576,  9.00544],
         [ 7.91582,  9.48123,  9.22527],
         [-3.66219,  8.76477, -5.77061],
         [ 2.45309,  1.96753, -4.41554],
         [ 6.53883, -8.51363,  8.41609],
         [-8.0491 ,  8.58711, -8.57016]])
  array([35.72458, 31.91118,  3.92298, 11.09968, 10.70385, -6.11237])
  np.float64(17.065819570441676)]
 [array([[-7.93987, -8.32574,  8.59551],
         [ 8.90698, -5.38052,  3.06872],
         [-8.47241, -0.93643,  2.22892],
         [ 5.99777,  7.79024, -8.30789],
         [ 0.71264,  6.17845, -4.84669],
         [-5.60606,  9.4835 ,  3.93919]])
  array([-1.99291, 13.4902 , 11.11791, 29.18747, 30.68859, 24.99669])
  np.float64(210.9318176145745)]
 [array([[-5.08544, -4.96376,  9.78466],
         [ 8.00058,  1.18249, -0.12885],
         [-6.1376 , -0.88505,  4.34824],
         [-5.56344, -3.02865, -3.25562],
         [-8.84471,  3.17494, -5.59028],
         [ 8.13549,  9.7584 , -9.06268]])
  array([24.20432, 18.44038, 13.20882,  9.84031,  9.85931, 28.77875])
  np.float64(128.68085340997942)]
 [array([[-5.14844, -9.28306,  6.73465],
         [-2.31721,  7.31892,  3.83825],
         [-3.23126, -3.60228, -1.57258],
         [ 2.34126,  1.09051,  5.40738],
         [ 5.86812, -3.5945 , -4.51651],
         [ 0.26631, -5.79886, -0.09317]])
  array([ 9.22213, 15.95385,  9.66564, 28.43838,  2.05473, 19.30442])
  np.float64(62.00948382639291)]
 [array([[ 8.63062, -7.86025,  8.78145],
         [ 0.73958,  4.47633, -2.97714],
         [-9.02589, -5.9424 , -6.30043],
         [-0.28883, -0.32862,  2.31662],
         [ 0.84584,  7.95834,  6.47843],
         [ 6.68905,  2.69055,  9.36802]])
  array([39.32956,  3.29518, -5.7479 ,  7.86035, 43.06375, 27.06775])
  np.float64(34.47006450464296)]
 [array([[ 6.64052, -2.11083, -8.60626],
         [-1.197  ,  3.33827,  2.50161],
         [ 0.07322, -6.63736,  9.79811],
         [ 3.50885,  3.55603, -6.77991],
         [ 7.43153, -5.46124,  0.34335],
         [-8.78214,  2.57416,  3.45543]])
  array([22.70947, 26.05242, 28.44681, 10.65048, 30.48886,  3.91745])
  np.float64(139.0197395974482)]
 [array([[-9.57328,  4.70573,  6.06195],
         [ 6.99107, -6.12338,  8.06561],
         [ 2.71774, -8.6111 ,  8.88604],
         [-3.0296 , -6.25891, -2.18663],
         [ 4.73465,  1.45241,  6.39663],
         [ 1.49973,  7.54591, -5.29076]])
  array([14.89216, 25.16857,  7.27131,  9.79894, 32.97695, 13.45005])
  np.float64(47.262481199901416)]
 [array([[ 9.19837, -2.38916,  8.97927],
         [-1.96004,  5.1846 ,  4.07434],
         [-4.5315 , -9.20674, -4.20623],
         [-7.76346,  1.74486, -9.65136],
         [ 4.00593,  1.24472, -0.71984],
         [ 9.4458 ,  6.33642, -9.77864]])
  array([18.33907, 26.25926,  4.30441,  4.89867,  9.01465, 27.96375])
  np.float64(47.659661090703565)]
 [array([[-8.54797, -9.39396,  1.63742],
         [-1.89329,  3.4708 , -6.33557],
         [ 3.98712, -1.51717,  8.98581],
         [ 3.79437,  1.69788,  0.64366],
         [-1.71018, -7.80242,  6.06012],
         [ 2.95685, -5.89952, -9.22229]])
  array([-12.23479,  -3.33032,  40.45014,  24.18078,   9.60008,  -0.36434])
  np.float64(134.50339392134978)]
 [array([[-1.365  ,  9.15546,  0.48239],
         [-8.73094, -0.7091 ,  9.33626],
         [-1.66501,  9.70861, -2.22152],
         [-6.76715, -4.90938, -5.20606],
         [ 1.64926, -6.81191, -2.8322 ],
         [ 9.41003, -7.68933,  3.05025]])
  array([15.84042, 12.64935,  9.0792 ,  6.00425, 17.63706, 27.76602])
  np.float64(50.81974034566987)]
 [array([[-3.42719,  0.82186, -3.72684],
         [ 9.58779, -1.45699,  6.3676 ],
         [-8.20328,  8.94119,  7.70408],
         [ 3.81291, -0.35986,  3.59016],
         [ 6.71518, -7.33518,  3.49609],
         [ 1.05775,  2.67298, -4.79296]])
  array([21.19715, 30.26888, 26.08559, 25.41789,  9.84993,  4.45801])
  np.float64(137.40595688200497)]
 [array([[ 2.57171, -5.99924, -7.03315],
         [ 1.34559,  9.32175,  7.55025],
         [ 0.09365,  4.2714 , -5.50948],
         [-5.39814,  1.38398,  7.43002],
         [ 8.94813,  7.42611, -5.60178],
         [ 8.34917, -5.8344 ,  2.32838]])
  array([13.35676, 27.3375 , 20.43582, 19.39738, 30.74428, 27.46313])
  np.float64(160.4294418184322)]
 [array([[-4.36893, -0.04276, -0.21395],
         [-6.82082, -5.41568, -9.67898],
         [ 7.66938, -9.07034, -8.13149],
         [ 3.96201,  7.30175,  3.93732],
         [ 4.25421, -2.52565,  5.67476],
         [ 5.46215, -2.80486,  8.44072]])
  array([ 9.63137, -1.40879,  3.10093, 32.8365 , 10.90028, 24.29711])
  np.float64(77.5177565404495)]
 [array([[ 5.25694,  6.77781, -3.18207],
         [-8.9029 , -6.62457, -4.34008],
         [-0.1033 , -4.73686, -2.59245],
         [-9.65661, -1.71695,  3.92842],
         [-1.02192, -6.1196 ,  8.60654],
         [-6.31546,  7.36654, -6.18682]])
  array([14.22884, -4.72259, 12.7163 ,  6.6912 , 17.20144, 13.94476])
  np.float64(41.616684278434576)]
 [array([[-4.47621,  2.94673, -3.09483],
         [-2.46211,  3.50745,  8.78683],
         [ 6.19936, -3.03909, -8.61568],
         [ 9.37978, -3.19552,  4.38689],
         [-8.8525 , -9.76432,  2.83186],
         [ 7.28351, -1.34775,  2.74717]])
  array([16.7608 , 35.46901, -1.81878, 27.07262, -1.95845, 19.5504 ])
  np.float64(86.12802015500732)]
 [array([[-2.58613, -1.69105, -6.55935],
         [ 7.27397, -4.22426, -2.00555],
         [ 1.69621,  3.72492, -0.18936],
         [-1.14729, -2.66719,  0.08244],
         [-5.33401, -9.59481,  8.30315],
         [-6.22943, -1.9895 ,  0.77118]])
  array([-0.09587, 14.45389, 17.60632, 10.40734, 16.66409,  8.7403 ])
  np.float64(158.89419968015673)]
 [array([[ 7.39121,  3.48295,  0.32056],
         [-3.34665, -8.45327, -3.74238],
         [ 2.43635, -0.11424, -7.36929],
         [ 1.41742, -4.15325, -4.62818],
         [-3.82346,  3.74021,  3.28007],
         [-8.31045, -5.84203,  1.97554]])
  array([14.71864,  7.5683 , 17.48961, -1.16764, 32.80093, 12.28819])
  np.float64(195.26228922021178)]
 [array([[-7.66611,  7.82076, -4.20744],
         [-0.52567, -7.2167 , -1.06029],
         [ 6.39545,  1.31138, -8.51677],
         [-3.60139,  0.87201, -1.07108],
         [-0.33969,  9.86914, -0.11339],
         [ 9.62634, -8.83074,  7.73434]])
  array([ 9.02312, 17.10803, 26.86559, 12.87561, 13.39553, 20.15847])
  np.float64(100.68074328224424)]
 [array([[ 4.67892, -4.08236,  7.12896],
         [-3.87248,  3.77824,  8.1407 ],
         [-1.67109,  6.95552,  3.95425],
         [-7.91365, -1.76007,  6.03266],
         [ 9.05735, -5.17515, -4.64243],
         [-9.96841,  3.85375,  1.44145]])
  array([30.02402,  9.83678, 29.50638, 17.65571, 26.89226, -2.4659 ])
  np.float64(239.51569444482794)]
 [array([[ 2.4509 ,  8.96277,  2.43715],
         [-5.30747, -1.82398,  4.91634],
         [ 7.49244,  0.3224 ,  2.3668 ],
         [ 9.32783,  3.08335, -0.80353],
         [-7.90714,  5.19963,  8.12788],
         [-1.81626, -3.5272 , -7.49548]])
  array([27.41403, 27.09594, 28.4764 , 25.46684,  6.51797,  2.66497])
  np.float64(93.64173437429609)]
 [array([[-4.02853, -5.67064, -3.17303],
         [ 5.85681,  1.93404, -3.71681],
         [ 6.73071,  1.02312,  3.14202],
         [-2.20515,  6.50871,  0.32   ],
         [-1.88151, -3.22904,  3.42918],
         [ 8.28724,  9.24439, -4.06244]])
  array([ 5.62407, 11.24009, 37.67724, 32.80025, 17.02784, 38.79609])
  np.float64(299.03243050724535)]
 [array([[-8.40306,  3.62831,  5.25368],
         [ 8.06514,  6.98706,  2.49951],
         [-6.89276,  6.71041, -5.34912],
         [ 3.06824, -8.84803, -4.23585],
         [ 0.16566,  6.26342, -9.60201],
         [-7.14374,  5.57494, -7.71688]])
  array([ 6.02167, 41.28883,  1.79517,  7.34867,  7.49924, -5.95451])
  np.float64(59.97305464005026)]
 [array([[ 9.99834, -7.53116, -0.79584],
         [-7.27255, -1.72104,  4.4173 ],
         [-6.6856 ,  8.49729, -7.40182],
         [ 5.16187,  6.90789,  0.08657],
         [ 6.48789,  7.93281, -3.33563],
         [ 4.0047 ,  1.64938, -5.16024]])
  array([ 8.36565, 24.37767, -2.57682, 25.39023, 35.30767, 25.65621])
  np.float64(69.22999524671496)]
 [array([[ 7.67851, -9.93583, -2.29781],
         [ 7.0574 ,  9.71987,  5.61164],
         [-0.98989, -5.51566, -5.55007],
         [-9.52216,  0.13045, -7.41245],
         [ 5.24675,  8.14406,  9.86807],
         [ 2.94358, -7.18305,  5.36871]])
  array([20.04995, 31.69063, -1.50208,  5.05126, 46.35942,  7.48625])
  np.float64(48.336209653080005)]
 [array([[-9.73952, -1.46019,  7.85213],
         [-1.60391, -0.09051,  2.89852],
         [ 1.68233, -8.04475,  1.81417],
         [-4.17902, -9.32503, -9.42289],
         [-2.45104,  6.71167, -9.46782],
         [ 9.57521, -3.72472, -5.44086]])
  array([12.69055,  4.4183 ,  0.42336, -0.81479, 13.1067 , 12.99495])
  np.float64(104.98206138983188)]
 [array([[-7.5616 , -8.6497 , -2.24257],
         [-2.25664,  7.06707,  1.74869],
         [ 5.79079, -6.77723, -8.958  ],
         [ 9.05067, -9.57461,  3.87168],
         [-1.77294, -1.53864,  9.14258],
         [ 3.49255,  6.20534, -3.90417]])
  array([-17.01715,  16.78269,  14.68695,  11.57076,  13.11322,  16.97672])
  np.float64(7.579697398848609)]
 [array([[ 2.11313, -9.92074,  6.61699],
         [ 4.36557, -2.77887, -0.49029],
         [-3.87831,  9.58733, -1.39371],
         [-8.89917,  5.11314, -3.85994],
         [-2.02584,  8.48221, -8.87134],
         [-0.455  ,  7.60845,  0.88157]])
  array([10.07729, 19.7397 , 28.93625,  0.35872, 27.31848, 32.39787])
  np.float64(171.87938684537446)]
 [array([[-9.28855, -1.21228, -0.26264],
         [-3.68021,  9.72871,  3.20175],
         [ 7.60907, -7.51566,  0.82651],
         [-0.42227,  4.5218 , -2.07006],
         [ 7.90879,  7.42943, -7.25326],
         [-3.17493, -4.62254, -2.7851 ]])
  array([12.41415, 15.60826,  3.63202, 18.88793, 31.87271, -6.62926])
  np.float64(7.222390108913077)]
 [array([[ 6.70015, -6.78407, -8.70926],
         [ 1.35659,  4.89422, -9.97022],
         [-3.69941, -7.35344,  0.85368],
         [ 5.51006,  1.40964, -4.78385],
         [-5.06624,  3.09556,  6.69719],
         [ 1.17531,  2.9727 , -1.09982]])
  array([10.50555, 25.33954, 14.1878 ,  3.37127, 21.20248, 18.87328])
  np.float64(380.77158548509857)]
 [array([[-8.28868,  6.48397, -1.40809],
         [ 3.99111, -4.80527,  8.95728],
         [-3.29774,  3.45344, -2.8396 ],
         [-7.73595, -9.49518,  7.59843],
         [ 1.59504,  1.8248 , -7.19311],
         [-3.77857,  4.54611, -2.2855 ]])
  array([11.83087, 15.40513,  0.24734,  6.36268, 20.45444,  0.56557])
  np.float64(90.50537657988244)]
 [array([[-7.13168,  7.80498,  5.53141],
         [ 5.66685,  7.89683,  6.17998],
         [-3.83456,  1.63282,  9.55043],
         [-4.05511,  1.54286,  5.34913],
         [ 2.3998 ,  1.61451, -1.77527],
         [ 2.03617, -5.6805 , -5.39594]])
  array([10.18142, 39.76059, 19.16379, 29.66695,  6.48622, -7.35101])
  np.float64(7.47015451615312)]
 [array([[-4.96355, -2.99156,  3.50684],
         [-4.70656,  8.10697,  4.40276],
         [ 9.70006,  9.33266,  6.19385],
         [ 7.71803, -3.26793, -1.93359],
         [ 6.28184, -0.58483, -2.07864],
         [-8.25226, -3.73728, -5.19214]])
  array([  7.85368,  29.17751,  48.71403,  16.96753,   9.82462, -12.4002 ])
  np.float64(32.59122828420179)]
 [array([[-6.60771, -7.79232,  7.17055],
         [-4.12702,  0.08612, -7.72411],
         [ 7.39693, -9.48921, -7.34423],
         [-3.36621,  6.226  , -3.72717],
         [-4.27976, -8.2308 , -2.7557 ],
         [ 3.86068,  6.45634,  5.71402]])
  array([15.64848, -9.86027, 12.03289, 12.40598, -7.24269, 43.39943])
  np.float64(74.11606492818396)]
 [array([[ 2.99439,  6.54547, -8.6674 ],
         [-6.94747,  8.28196,  8.51715],
         [-2.68305,  2.15951, -8.81627],
         [ 1.59947, -7.48004, -0.26593],
         [-9.27973,  5.25526, -2.26642],
         [ 8.60722, -8.40404,  8.48071]])
  array([ 2.80643, 37.12352, 10.49411, 12.07496,  0.56482, 36.35956])
  np.float64(35.366743994420595)]
 [array([[ 2.6056 , -5.98155,  4.57083],
         [-4.32255,  7.49969,  2.59046],
         [ 9.19068, -1.801  , -5.87853],
         [ 3.38977,  4.85306,  3.03594],
         [-4.9742 , -6.60529,  4.42066],
         [-8.35768, -2.88751, -1.6733 ]])
  array([31.19479, 15.86813, 25.71196, 28.92344,  9.21784,  3.66576])
  np.float64(104.95985054516167)]
 [array([[ 3.9654 ,  7.57661,  1.86113],
         [-1.2969 , -8.39648, -8.01793],
         [-4.04159,  6.6063 ,  5.50989],
         [-9.53287,  3.57214, -5.61142],
         [ 4.70379, -6.94507, -0.10263],
         [ 1.35464,  6.73859,  2.6725 ]])
  array([25.65349, 10.99264, 24.61886, -0.71281,  5.40971, 30.14275])
  np.float64(46.28927003754053)]
 [array([[ 9.31999,  2.98327, -4.41253],
         [ 9.96397, -4.16028, -4.64732],
         [-3.35117, -1.43887, -5.61857],
         [-8.95964,  4.2063 , -8.08207],
         [ 0.28778, -6.49816,  7.46144],
         [ 0.18814,  1.18354,  3.76012]])
  array([31.7639 , 29.90785, -3.42144, -0.60303, 13.31286, 16.94586])
  np.float64(61.942411491198534)]
 [array([[ 3.85966,  2.29185,  6.58259],
         [ 5.61139,  8.17838,  7.61121],
         [ 7.3889 , -7.59695, -4.81881],
         [-2.90821, -8.80775,  6.74921],
         [-7.30282,  2.80733, -4.36461],
         [-8.2673 ,  6.69282,  2.85834]])
  array([19.12881, 49.27376, 12.40372, 12.58319, -7.29718,  2.97597])
  np.float64(14.181732802506534)]
 [array([[-3.91009, -5.72628, -0.11575],
         [ 2.77815,  1.50219, -0.84197],
         [-8.21151,  0.38061, -5.84053],
         [ 4.63479,  8.39507,  7.46356],
         [-8.39382, -2.8457 , -4.94333],
         [-9.42905,  9.97501, -5.20257]])
  array([ -4.96095,  23.36965,  -7.48593,  28.29042, -13.13063,  14.13824])
  np.float64(261.5070223277308)]
 [array([[ 7.35164,  8.38157,  2.70803],
         [ 8.15363, -0.37482, -7.99853],
         [-9.66226, -9.26042,  9.21081],
         [-7.18972, -8.94205,  9.42448],
         [-1.904  ,  9.11607,  2.53791],
         [-3.99805, -0.10407, -2.61787]])
  array([46.86772, 12.0554 ,  7.263  , -4.14067, 11.01091,  8.1186 ])
  np.float64(10.136448080466552)]
 [array([[-6.75535,  7.31651, -2.61599],
         [-0.98512,  4.73843, -5.75019],
         [ 5.59535, -6.40886, -3.35353],
         [-2.49389, -8.92842, -2.85376],
         [-7.8205 , -9.89155, -0.46631],
         [ 7.91438,  0.00314,  6.33617]])
  array([ 10.60862,  14.69615,   0.0042 ,   4.03411, -15.79056,  37.69415])
  np.float64(36.71523848585259)]
 [array([[ 4.3041 ,  4.26692, -9.94728],
         [-1.88944, -4.05877,  6.72676],
         [ 4.83786, -5.02968,  2.97267],
         [-6.13588, -4.72396, -6.69079],
         [-9.39958,  3.34029,  2.78996],
         [ 1.02237,  3.57413, -0.20413]])
  array([ 23.57477,  25.6468 ,  11.84854, -14.1205 ,  14.67888,   6.41922])
  np.float64(14.39426387925009)]
 [array([[-4.11268,  6.3483 , -9.23585],
         [-6.78412,  0.10055,  5.68882],
         [ 1.1396 ,  3.24658, -1.47622],
         [ 0.90902, -1.63834,  7.38911],
         [-3.80106, -7.74503,  3.03094],
         [ 3.91744, -8.61412,  4.59378]])
  array([18.78773,  2.99092, 18.00311, 11.47871,  0.78358, 12.9908 ])
  np.float64(138.47837327498235)]
 [array([[-8.78034,  6.62282, -9.17359],
         [-2.93311, -2.28345,  5.14984],
         [-2.01073, -1.54123, -1.1235 ],
         [-9.86622,  3.60488, -5.70733],
         [ 9.45367,  4.5151 ,  5.93487],
         [-4.51789, -1.0739 ,  1.30938]])
  array([15.08399,  7.58541, -2.38143,  3.04877, 32.62541, 10.0202 ])
  np.float64(498.81157056857677)]
 [array([[ 9.57213,  6.54478,  4.24425],
         [-1.39055,  6.41092, -2.86374],
         [ 2.9691 ,  8.14463,  1.6423 ],
         [-2.43234, -6.36415,  3.83952],
         [-1.12685, -7.16401, -2.11055],
         [ 7.19256,  8.43087,  8.2986 ]])
  array([21.68944, 13.24035, 22.36473, 16.70691, -3.99842, 31.03239])
  np.float64(48.40551781276564)]
 [array([[ 7.48883, -0.31998,  5.70908],
         [ 3.4377 , -2.45279,  7.33368],
         [ 8.00474,  8.93919, -2.97221],
         [ 9.31991,  0.63027, -8.97612],
         [-1.90562,  7.38884,  0.21362],
         [-7.86028,  1.26633, -2.34275]])
  array([37.39267, 19.92754, 33.95157,  9.19034, 13.96867, -6.25973])
  np.float64(35.049381840060086)]
 [array([[ 3.95417, -0.88551, -9.03253],
         [-4.02002,  8.36319,  8.23525],
         [ 1.85018, -2.45146,  3.67339],
         [-9.41579,  4.23145,  0.70283],
         [ 4.56321,  9.75941,  3.71781],
         [ 8.08668, -1.89256,  8.92972]])
  array([23.7793 , 39.48616,  6.423  , -1.26856, 43.42771, 39.12678])
  np.float64(74.6005537431458)]
 [array([[-4.72338,  2.58972, -6.48812],
         [ 6.8186 , -0.09177,  0.74559],
         [ 4.55936,  2.15481,  6.68725],
         [-5.81212,  6.05575,  5.72376],
         [-5.83407, -8.80423, -7.4602 ],
         [-1.04172,  1.06112, -5.36705]])
  array([  6.29805,  20.779  ,  33.26149,  30.36622, -17.73932,  24.52148])
  np.float64(76.39684477619178)]
 [array([[-7.36055,  2.03317, -1.70973],
         [-4.57179, -2.44726,  7.95166],
         [ 4.00248,  6.44694, -1.97551],
         [-8.44126, -3.59698,  5.16732],
         [ 0.77285,  5.60814, -6.04306],
         [ 5.39125, -5.91279,  4.85843]])
  array([12.03905,  3.59226, 36.727  , 20.75543, 13.72101,  8.97614])
  np.float64(179.15079187688525)]
 [array([[-7.72644,  4.20407, -5.18601],
         [-3.95241, -0.34846,  3.95247],
         [ 5.24154, -0.91666, -5.77494],
         [ 8.26608,  7.16214, -2.60974],
         [-6.55807,  6.97311,  4.55158],
         [ 6.14902, -0.12861,  7.06285]])
  array([-5.60349, 24.707  ,  4.38767, 41.96294, 15.14281, 43.05081])
  np.float64(487.9765238065724)]
 [array([[-8.72939, -2.15253,  5.16437],
         [ 3.33366, -2.27384, -2.16395],
         [ 3.14616,  9.38986, -1.56429],
         [-0.10781,  4.7549 ,  5.11587],
         [ 9.83801, -8.69272, -6.04708],
         [ 1.87808, -4.88996,  9.38444]])
  array([20.95834, 23.76892, 17.59733, 14.22879, 14.17303, 13.37793])
  np.float64(4331.202176467387)]
 [array([[-8.55538, -3.91781,  6.17538],
         [ 2.56378,  5.54203,  2.5866 ],
         [-5.01755, -4.22707, -5.48915],
         [-7.84214, -7.5674 , -3.57117],
         [ 5.41341, -4.77906,  0.31576],
         [-6.22627,  0.86187,  9.07529]])
  array([ 3.34683, 17.21444,  9.23284, -6.66826, 27.20057, 26.79737])
  np.float64(213.41432989209824)]
 [array([[ 7.69169,  7.77113,  3.07044],
         [ 4.68191, -7.13666,  4.08232],
         [ 2.36698,  4.11671, -5.29335],
         [-7.80316,  4.37912, -4.66942],
         [ 9.22018, -0.35319,  9.87567],
         [ 4.55713, -8.95512,  8.7518 ]])
  array([45.92492, 14.82672,  2.85327, 16.99054, 39.41043, 23.8153 ])
  np.float64(159.72110304470604)]
 [array([[ 1.05529, -3.22379,  1.97668],
         [-9.99219,  2.47261, -1.35162],
         [ 9.11979,  6.31005, -0.80199],
         [-5.05168,  8.26608,  8.76654],
         [ 8.02578,  8.70107, -8.41317],
         [ 5.59454, -0.53984, -2.34207]])
  array([21.29163,  0.0243 , 22.1629 , 18.32949, 20.92827, 30.38392])
  np.float64(357.76565827697175)]
 [array([[ 6.14325, -1.197  ,  4.87177],
         [ 4.27637, -9.45908,  4.44572],
         [-5.31576,  2.99606, -4.19565],
         [ 2.44629,  9.90895, -5.31553],
         [-0.27448,  5.18783, -2.79687],
         [ 4.03987,  8.03219,  0.79431]])
  array([35.69047, 25.44329, 12.43941, 31.21352,  6.56683, 23.1495 ])
  np.float64(3491.967174140845)]
 [array([[ 6.30248, -1.57308,  4.84495],
         [-0.61732,  3.11311,  1.56173],
         [-9.13416, -4.13151, -6.82711],
         [ 1.44388, -0.18401, -0.1991 ],
         [-7.84456,  1.70089, -6.3299 ],
         [ 9.18727,  5.59094,  3.37279]])
  array([16.40607,  5.495  , -4.164  ,  5.12901,  7.35801, 46.73294])
  np.float64(49.55555253980798)]
 [array([[ 4.17266, -1.56134, -8.1945 ],
         [-7.3733 ,  7.39501,  8.45647],
         [ 7.92138, -5.71555,  0.26584],
         [-1.22828,  1.99658, -2.54508],
         [ 9.38347, -1.29348,  7.18748],
         [-4.21997, -9.74892,  2.48024]])
  array([13.79675, 18.95044,  6.59044,  5.11876, 24.79638,  7.12246])
  np.float64(24.61111079186245)]
 [array([[-8.76775, -2.08589, -7.14247],
         [ 2.67164, -3.61925,  6.85395],
         [-0.52075,  6.17019, -6.16388],
         [ 5.68771, -6.5068 , -9.72633],
         [ 0.56254, -1.7554 , -5.64168],
         [ 8.96938,  1.53745,  7.12323]])
  array([-15.47529,  11.69454,   7.56061,  -6.81349,  22.95133,  30.466  ])
  np.float64(30.80114865352013)]
 [array([[-1.3481 , -1.33353, -3.12882],
         [-1.48202,  6.4914 ,  3.109  ],
         [-8.26335, -2.66072,  8.33868],
         [ 5.08901,  6.81213,  9.53569],
         [ 9.08736,  0.11028,  4.34762],
         [-5.58601, -0.24439,  4.62151]])
  array([-1.31534, 26.28535, 19.69544, 24.37953, 20.49571,  3.0907 ])
  np.float64(22.717466317947068)]
 [array([[ 1.06991, -1.50911, -0.81724],
         [ 9.20452,  0.8983 ,  9.63327],
         [-7.79684, -5.83467, -5.76063],
         [-7.8362 ,  9.33631,  5.42175],
         [ 4.09619,  1.37997, -8.04131],
         [ 7.70826, -9.02459, -6.73991]])
  array([15.65855, 36.14202, 10.20367, 18.61354, 20.8071 , -5.2403 ])
  np.float64(36.616283356261604)]
 [array([[-9.29749,  8.64255,  7.67879],
         [ 8.00113, -6.99573, -1.55983],
         [ 3.02991,  2.96601, -0.28208],
         [ 3.74081, -7.18384, -0.99554],
         [-9.2173 ,  1.34892,  0.21395],
         [ 8.29181, -8.45804,  9.32554]])
  array([35.47578, 24.86056, 31.13834,  1.03454, 21.40515, 25.72802])
  np.float64(1250.8905229853)]
 [array([[ 2.64014, -4.16782,  2.5622 ],
         [-6.8594 , -1.70764,  5.21398],
         [ 3.57318,  9.15408, -6.83744],
         [-3.81032,  6.08703, -4.49495],
         [ 1.65657,  8.97623, -4.55604],
         [-2.94606, -3.82432, -8.40497]])
  array([19.63262, 16.33667, 25.43347, 12.37081, 17.61797, -9.71513])
  np.float64(147.57789314709908)]
 [array([[ 3.10387,  0.24544, -4.93799],
         [ 9.86343,  7.76888,  5.64178],
         [-8.03126, -6.05976, -0.54044],
         [-6.4534 ,  2.18331, -6.91009],
         [ 3.24635, -5.3925 , -8.46426],
         [-0.76033,  6.30393,  4.38945]])
  array([18.81134, 30.51168,  5.72995, -9.629  , 17.6786 , 36.76792])
  np.float64(90.4375609987057)]
 [array([[-7.43286,  8.24267, -5.94661],
         [ 0.33648, -7.26568,  4.25971],
         [ 5.42142,  4.01995, -6.9044 ],
         [-2.12863,  5.2919 , -2.54683],
         [-7.67832,  0.79754,  2.37073],
         [ 8.42388, -6.66085,  9.62459]])
  array([-2.06934, 14.7125 , 21.15762, 11.86132, 17.3171 , 19.70395])
  np.float64(43.374190906995885)]
 [array([[-0.5645 ,  1.23282, -7.11586],
         [ 9.66586, -4.59361, -0.8139 ],
         [ 3.60418, -5.99217, -6.40254],
         [-2.94998,  0.92911,  6.95051],
         [ 4.0313 , -1.86746, -4.65985],
         [ 1.87325, -9.55461, -1.05407]])
  array([11.78648, 12.4178 , -7.30814, 14.62641, -0.82114, 13.44488])
  np.float64(471.7446711263603)]
 [array([[ 7.42971,  1.85225, -7.33026],
         [ 3.60042, -2.939  ,  2.27408],
         [ 0.22292, -4.31888, -1.18594],
         [-1.04331,  2.4655 , -0.26844],
         [ 3.73355,  6.88655,  5.77246],
         [-8.54991,  6.51308, -4.42904]])
  array([10.20658, 32.15414, 21.21935, 21.46057, 46.14705, 16.47852])
  np.float64(2421.2226613988973)]
 [array([[ 9.7774 , -9.62088, -2.0522 ],
         [-4.18562,  7.16009,  9.12961],
         [-3.28484,  3.49511,  6.5047 ],
         [-3.75585, -4.82455,  7.47776],
         [ 3.44241, -8.90998, -9.04986],
         [-6.75243,  6.74333, -3.22801]])
  array([14.97824, 34.3407 , 21.25732, 23.16137,  5.93899, 10.12584])
  np.float64(179.69361460457844)]
 [array([[ 8.29957, -4.08497, -7.74939],
         [ 5.97527, -4.95325, -4.98769],
         [ 7.19447,  5.72017, -8.37614],
         [-5.93195, -2.02422, -1.51378],
         [ 6.68179,  7.47439,  9.94878],
         [-6.50871, -9.19658,  0.98078]])
  array([ 2.63731, 11.79002, 15.08604, 14.19056, 27.15428, -2.58726])
  np.float64(42.78087921340023)]
 [array([[ 1.99572,  3.76565, -1.88649],
         [ 8.46837,  7.15616,  9.34   ],
         [-5.99241, -9.28062, -0.20061],
         [-3.16093,  4.11051, -3.28965],
         [-6.90862,  4.92811,  1.99113],
         [ 0.79884,  1.873  , -7.34854]])
  array([33.32736, 41.41858,  4.45715,  5.8758 , 15.15064, 17.1453 ])
  np.float64(171.3352574529769)]
 [array([[-9.14276,  0.42911, -7.34228],
         [ 8.70003,  9.8025 ,  3.98767],
         [-7.77238, -4.33002, -0.83739],
         [ 9.8653 , -9.77826, -9.68966],
         [ 9.96044, -3.23334, -0.94077],
         [ 6.98783, -7.53295,  7.32601]])
  array([ 5.35489, 49.2227 , 11.96007, -4.91229, 15.11123, 28.56618])
  np.float64(156.47576813369534)]
 [array([[ 3.17369,  6.55734,  5.57621],
         [-7.55597,  6.64427, -0.49843],
         [ 3.27151, -8.50624,  0.75688],
         [-5.16127, -2.18812, -2.62376],
         [-8.13472, -6.11297,  1.9292 ],
         [ 1.91024,  1.14137, -8.28663]])
  array([42.667  , 21.67421, 17.36749, -3.63961,  1.67352, 19.95395])
  np.float64(152.5705031395183)]
 [array([[ 1.29521,  9.78467,  1.9048 ],
         [ 6.80309, -6.75128,  2.87348],
         [ 0.48775,  5.20709, -5.03711],
         [-3.32679, -1.01518, -0.75089],
         [-4.08265,  1.4508 , -3.98129],
         [ 0.13102, -8.54166, -4.60879]])
  array([39.93222, 10.10935,  5.55608,  6.6194 , -1.16834,  7.11432])
  np.float64(160.18580368283827)]
 [array([[-7.00204, -1.10866, -0.32362],
         [-5.71982,  3.60142,  8.91967],
         [-7.77169,  3.55396, -0.29996],
         [ 8.28782,  1.14041, -0.61042],
         [ 7.20003, -2.2412 , -4.95366],
         [-3.50422, -8.35264,  6.01929]])
  array([-5.0453 , 23.39546,  4.31264, 19.22623, 11.67102,  0.90788])
  np.float64(19.704189568575227)]
 [array([[-1.54131, -4.31879,  9.92902],
         [ 0.89908,  2.02981, -9.73416],
         [-5.67615, -6.08409,  5.24456],
         [ 8.50324, -5.15265,  5.82182],
         [-8.57577, -0.96474,  2.47706],
         [ 6.05583,  5.52328, -9.21035]])
  array([30.41407, 10.29072, 15.51813, 33.9177 , 12.5726 , 31.6984 ])
  np.float64(545.6086236430651)]
 [array([[ 9.42213, -9.80073, -4.9469 ],
         [-8.1517 , -1.07038,  6.96261],
         [ 9.12665, -7.6519 , -6.13462],
         [-4.43261, -6.5977 ,  3.93821],
         [-2.42884,  4.83117, -0.17191],
         [ 7.98011, -4.55403,  6.52561]])
  array([24.40717, -0.4207 , 23.25078, -4.95077,  6.17553, 20.71465])
  np.float64(36.86499648350324)]
 [array([[-4.93311,  4.65589, -6.7874 ],
         [-2.41008, -7.39227,  1.16626],
         [ 5.10442,  1.26512, -2.78398],
         [ 4.40697, -1.60595, -2.41845],
         [ 0.74197,  6.4595 ,  5.59999],
         [ 5.67193,  6.49399,  8.11722]])
  array([13.9971 ,  8.44398,  7.35605, 19.36632, 37.15412, 35.1727 ])
  np.float64(90.32083476530565)]
 [array([[ 0.55139, -1.88107, -8.81952],
         [ 2.11123,  1.44158,  2.20091],
         [ 2.82557,  3.95194,  9.81155],
         [-8.87733,  6.73641,  4.94635],
         [-6.89568, -9.20042, -8.96253],
         [-1.91002, -1.87007, -9.70515]])
  array([13.04881, 25.89119, 28.37547, 31.5276 , -9.55764, -7.81263])
  np.float64(263.0275968471826)]
 [array([[ 3.02693, -1.25708, -1.16256],
         [-0.25304,  4.00815, -4.85652],
         [-3.45862,  1.48637,  2.78885],
         [-5.38151, -2.80368,  4.4589 ],
         [ 0.43041,  4.73692, -6.17962],
         [-2.26814,  1.18933, -0.50254]])
  array([17.05557, 25.70496, 30.59557, 11.91606, 12.051  , 11.63418])
  np.float64(3524.322221600444)]
 [array([[ 4.07974,  4.30495,  9.43081],
         [ 8.83871, -9.58465,  5.81365],
         [ 8.19116, -8.6683 ,  9.51362],
         [-5.16936, -3.53154, -9.26178],
         [ 8.49117, -9.22306, -3.40568],
         [ 4.19197,  9.49175,  7.75145]])
  array([ 44.91217,  11.463  ,  27.59033, -13.11496,   6.08653,  28.71488])
  np.float64(189.91988498359783)]
 [array([[ 7.02366, -1.0534 ,  4.66967],
         [ 0.51544, -4.74029,  2.25082],
         [-8.15687,  7.55242, -7.59544],
         [ 9.26947, -1.00761,  9.2969 ],
         [-4.04643, -6.71397, -6.52382],
         [ 3.39828, -2.4939 ,  0.06903]])
  array([23.2776 , 20.20781,  0.11024, 39.49003, -2.04956, 23.94313])
  np.float64(191.91018023941436)]
 [array([[ 5.34736, -5.66596,  1.55924],
         [-9.07742,  9.43401,  1.60554],
         [-4.01707,  7.62624,  3.18613],
         [-8.94356,  8.33062, -6.35131],
         [ 1.99458, -1.00993, -6.46832],
         [-6.67825, -8.69555, -6.11929]])
  array([26.99556, 21.63057, 30.87029, 15.30162, 23.83855, -1.85344])
  np.float64(627.439447303992)]
 [array([[-2.9253 , -9.42395,  7.48804],
         [-2.05651, -9.07873,  9.95697],
         [-7.57718,  5.11063,  7.62694],
         [-2.75132,  6.35434,  8.9235 ],
         [-6.86224,  4.56836,  1.02855],
         [ 3.29492,  0.12133, -5.63584]])
  array([-3.31969, 21.42942, 29.93065, 37.32825, 25.8883 , 25.73865])
  np.float64(617.7112504513398)]
 [array([[-2.94042,  6.56259,  8.76522],
         [-7.02723, -0.54643, -0.9075 ],
         [ 7.3829 , -2.8478 , -6.46597],
         [-6.88721,  8.70188,  1.61736],
         [-9.74199,  0.5555 ,  5.68474],
         [ 3.44319, -0.73488,  2.52138]])
  array([30.28943, -4.58932, 26.34462,  8.20495,  5.71609, 10.17089])
  np.float64(51.479927157384836)]
 [array([[ 0.38482,  4.24291, -5.33684],
         [-8.21956,  3.3446 , -4.07859],
         [-6.00148, -4.79471,  0.42272],
         [ 3.0481 , -5.34938,  0.92284],
         [-1.81765, -9.96391,  7.34568],
         [-0.27054,  2.38987,  0.23103]])
  array([21.78288, 12.58775, -8.73049, 22.26359,  0.75889, 18.17854])
  np.float64(852.6452021714985)]
 [array([[ 5.45076,  4.37481, -6.9746 ],
         [-3.8407 , -0.54359,  4.58772],
         [-7.47762, -1.82973, -0.79057],
         [-6.82313,  3.06452, -3.85592],
         [ 7.85009,  6.41524, -3.50673],
         [-9.15422, -7.96069,  7.22787]])
  array([23.30665, 21.89444, -4.9953 , 21.32324, 21.67645,  7.29402])
  np.float64(940.5773710623714)]
 [array([[ 4.09181,  3.33794, -7.83964],
         [-1.79273,  1.23442, -8.48766],
         [ 2.03146, -5.08728, -0.84091],
         [ 2.00989,  6.6192 , -4.75152],
         [-9.95797,  4.52908, -3.88431],
         [ 0.97835,  0.79591,  2.32798]])
  array([15.93277, 20.79135, 22.68465, 32.65034, -3.03267, 15.54844])
  np.float64(429.3803774992624)]
 [array([[-4.07173, -7.86247, -1.50839],
         [ 3.32792,  9.11606, -1.12919],
         [-8.06018,  4.77927, -2.47986],
         [-6.62346, -0.25605,  1.11923],
         [ 5.95235,  0.14581,  8.2107 ],
         [-2.26002, -5.30636,  8.06849]])
  array([10.42325, 22.07138, 15.12903,  8.95087, 39.13954, 18.88762])
  np.float64(919.2165549941349)]
 [array([[-3.75077, -2.20845, -5.24793],
         [ 7.31467,  2.06988, -9.07418],
         [-5.01156,  4.01875,  4.33228],
         [-8.74744,  1.02886, -5.99864],
         [-8.17624,  4.85611,  7.37942],
         [ 5.60488, -1.04378,  8.84036]])
  array([-1.60601,  4.92976, 21.13104,  9.81681, 11.30755, 32.31872])
  np.float64(34.54238388896313)]
 [array([[-1.65073, -7.68203, -3.56921],
         [ 6.9985 , -6.55695,  4.27725],
         [-5.61524,  2.41193,  2.6709 ],
         [-5.53443, -9.36049,  6.35201],
         [ 6.91841,  7.95347, -2.44157],
         [ 6.3376 , -6.9424 , -9.09316]])
  array([15.69232, 25.22133, 21.59701,  4.14919, 28.97057, -2.09959])
  np.float64(104.31496895100886)]
 [array([[ 9.04552, -5.02439,  7.09316],
         [ 8.84804,  0.17952,  4.0158 ],
         [-1.71168, -8.96171,  9.3222 ],
         [-3.7703 , -8.16249,  5.5386 ],
         [ 7.29619, -3.82749,  1.971  ],
         [-2.73266,  6.62874, -6.16825]])
  array([21.6386 , 40.02932, 23.10457, -2.78606, 23.08501, 17.225  ])
  np.float64(281.1185836034734)]
 [array([[-9.36809,  9.98462,  2.24008],
         [ 5.04038, -7.07291, -5.75407],
         [ 8.09952, -4.27663, -8.1065 ],
         [ 6.79873, -5.04008, -8.75097],
         [-2.89878, -2.87383,  2.1504 ],
         [ 4.88983,  7.89605,  8.46716]])
  array([ 8.32395, -1.09669, 25.51002, 21.91824,  3.26016, 48.11093])
  np.float64(28.059755316616386)]
 [array([[ 5.29779, -3.88909,  2.46706],
         [ 0.67627, -5.65574, -3.46371],
         [-0.96257, -1.37138,  2.38902],
         [-1.75157,  7.23586, -7.05502],
         [-3.97436, -1.18904, -5.12414],
         [-2.80943, -9.67797,  8.90967]])
  array([13.02324,  8.53528, 23.49145, 25.77944, 11.32686, 21.51972])
  np.float64(1917.2043952192162)]
 [array([[-0.57903, -1.4411 ,  0.889  ],
         [-1.1769 , -1.86269,  6.33382],
         [ 4.05483,  7.25347,  3.33652],
         [-0.56948, -3.71875,  5.737  ],
         [-7.69903, -4.15538,  3.05842],
         [-3.28023, -6.54727, -9.29695]])
  array([28.75458, 24.08201, 16.55106,  3.17588, -6.45658,  5.7241 ])
  np.float64(50.69213226690936)]
 [array([[ 0.51683,  9.88118, -9.58529],
         [ 8.24449,  5.91047, -1.72401],
         [ 0.92423,  1.37853, -8.09179],
         [ 1.98444,  2.66384, -6.28932],
         [-8.4464 , -9.39533,  9.56081],
         [ 0.9263 , -0.40705, -6.46987]])
  array([21.15227, 19.99795,  8.99094, 22.24329, 11.71047,  6.29632])
  np.float64(94.32478546318654)]
 [array([[-9.59662, -3.76642, -8.80285],
         [ 5.37178,  5.19069, -1.13997],
         [-9.41096, -8.12783, -7.20762],
         [-4.38404, -9.08186, -5.14527],
         [-4.75596, -1.96639,  1.95393],
         [ 3.04328,  1.41104, -1.073  ]])
  array([ 6.79701, 23.09504, -3.96939, 10.85552, 11.99639,  4.55135])
  np.float64(32091.53758331939)]
 [array([[-3.98005, -7.52511, -4.62405],
         [-0.92828,  6.3829 , -5.30624],
         [-2.79792, -9.52385, -0.06467],
         [ 0.20812, -9.03416,  4.99654],
         [ 2.41516, -0.60283,  4.83026],
         [-6.9186 , -3.3894 , -6.80849]])
  array([  7.36774,   3.05287, -10.32514,  23.86961,  10.05362,   3.47744])
  np.float64(59.10199961883144)]
 [array([[-1.23612,  5.12696,  1.95448],
         [-2.58607,  8.99814, -0.43354],
         [-5.05593, -5.41995,  1.41496],
         [-1.41974, -3.88321, -3.32326],
         [ 5.83829,  2.20242,  3.48581],
         [-3.98504,  8.63141,  6.79474]])
  array([10.78465, 11.70696,  3.44609, -7.47621, 29.55348, 40.14859])
  np.float64(39.24848320171267)]
 [array([[-4.30143, -5.54194, -4.78908],
         [-8.22714, -2.41765,  4.22486],
         [-1.12353,  4.11133, -4.88313],
         [ 6.96785,  5.42412,  6.37583],
         [ 7.65017, -7.29228,  5.23091],
         [ 7.17482, -1.26915, -0.63383]])
  array([ 9.70614, -4.85017, 10.7642 , 42.63347, 18.72719, 10.17491])
  np.float64(19.32205459283846)]
 [array([[-1.16952, -1.85714,  7.29943],
         [-4.50833, -5.44839, -2.90274],
         [ 6.43528,  2.16978,  1.65261],
         [ 3.93562, -8.43376,  1.02145],
         [-6.26547, -0.67255, -8.35402],
         [ 1.94529,  8.87872, -4.4188 ]])
  array([ 9.6702 , 16.31246, 30.92428, 23.65097, -3.57509, 29.86524])
  np.float64(63.75925682329327)]
 [array([[ 0.92889,  3.75   , -8.74219],
         [-4.51131,  0.39459,  3.58282],
         [-7.39013, -8.41314, -4.69435],
         [ 5.03867,  7.51575, -8.67051],
         [ 5.66312, -0.25355,  9.93509],
         [-1.14117, -0.65511, -5.0869 ]])
  array([  5.64365,  28.61483, -17.17566,  33.08945,  36.64714,   6.03513])
  np.float64(123.78577408998747)]
 [array([[-0.26466,  1.92402,  9.01895],
         [ 3.64778, -9.86171,  4.90714],
         [ 1.04754,  1.06768, -4.38133],
         [-4.23133,  2.75729,  5.37189],
         [-1.41695, -0.41143,  3.19265],
         [-2.61239,  0.0058 , -4.15649]])
  array([14.10306,  3.27018, 25.53859, 27.8145 , 24.84991, 21.35855])
  np.float64(678.1570981800517)]
 [array([[-2.10862, -4.04497, -5.20338],
         [ 6.68286, -9.64439,  3.01579],
         [ 9.11953, -9.03135,  7.85191],
         [ 0.88235, -5.40328, -7.10683],
         [-0.26598,  4.66572, -2.11762],
         [-4.58437,  7.34531, -0.57433]])
  array([ 6.18015,  9.47424, 36.89089,  8.60223, 18.09402, 12.77768])
  np.float64(219.72493616618178)]
 [array([[ 9.2589 , -0.40045,  4.18429],
         [ 4.62665,  4.02701, -8.94807],
         [ 9.26507, -2.31365, -0.69613],
         [-9.84381, -4.68828,  7.03988],
         [ 7.39536, -0.70259,  8.11836],
         [ 0.7267 ,  9.07929, -5.0549 ]])
  array([22.77958,  8.25306, 13.70911, 14.33911, 31.79745, 22.41872])
  np.float64(67.14210440242675)]
 [array([[ 8.50947, -0.49374, -2.90724],
         [ 4.01077, -6.69493, -9.06049],
         [ 5.38877,  8.72537,  3.0988 ],
         [ 8.05556,  8.99762, -3.57581],
         [ 1.70231, -1.43901,  4.57701],
         [-9.01693,  6.67961,  4.90974]])
  array([25.33774, 12.70352, 36.65306, 39.64919,  7.22034, 18.11119])
  np.float64(93.54873104683496)]
 [array([[-7.78199,  2.38314,  7.59911],
         [-7.96282, -9.8657 , -1.96872],
         [-8.27291,  2.94813, -0.77974],
         [-0.85924,  3.86462, -2.69532],
         [ 6.98312,  1.08543, -4.05151],
         [-4.83435, -9.17294, -7.93177]])
  array([  3.61842,   5.35394,  23.50902,   9.03833,  18.56632, -19.93262])
  np.float64(229.93814059991217)]
 [array([[ 6.57433,  7.15923, -8.79339],
         [ 6.98269, -4.90589,  8.20544],
         [ 4.46695,  6.96311,  9.74021],
         [ 0.84319,  2.45298, -7.45849],
         [-6.94007,  2.11672,  9.1017 ],
         [ 3.67801, -5.09318, -4.68241]])
  array([13.49999, 16.15063, 35.71907, -0.91098,  6.86036,  9.96329])
  np.float64(8.175897387522722)]
 [array([[ 2.74742,  4.84848, -9.36131],
         [-6.76874,  0.2849 , -8.92464],
         [-4.1035 , -9.79998,  7.20279],
         [ 0.82361,  3.47526,  1.63393],
         [ 1.17683, -6.3898 , -9.99337],
         [-0.14294, -2.65459,  0.45417]])
  array([25.40281, 10.16296,  6.12628, 31.54752,  2.64651, 11.38736])
  np.float64(1158.3970803283098)]
 [array([[-6.97018, -0.19617, -9.91432],
         [-0.53872,  5.8557 , -3.16938],
         [ 9.32159, -9.60822,  8.30859],
         [-3.31403,  8.38401,  0.69143],
         [ 6.43457,  7.64247, -5.98286],
         [-7.09647,  4.59361, -1.94311]])
  array([-15.47564,   8.17695,  24.83324,  15.90052,  28.75217,  -1.52677])
  np.float64(15.224059740514184)]
 [array([[-6.17816, -0.79008,  0.5357 ],
         [ 6.99264, -1.19247, -7.45743],
         [-8.42819, -5.22996,  3.15481],
         [-6.67018,  8.92783, -5.22578],
         [ 7.46429,  8.31763, -2.29702],
         [ 9.65974,  4.40058,  6.54841]])
  array([-4.90272, 17.81254, -7.48015, 11.26904, 35.23455, 21.90589])
  np.float64(6.9115998199703235)]
 [array([[-5.53965, -8.41482,  4.78299],
         [ 8.66845,  1.575  , -4.7972 ],
         [-4.73113,  2.25417, -2.50422],
         [ 7.25791,  4.13753, -4.03007],
         [-8.80762, -2.63504,  3.70128],
         [ 6.15736,  1.88062,  5.49457]])
  array([16.41711, 11.54887, 12.50544, 35.56303, 12.57046, 29.40002])
  np.float64(121.06009365479193)]
 [array([[-3.44019, -5.26578,  4.04994],
         [-0.85049,  7.18763, -4.57628],
         [-7.64452,  6.49532, -9.53241],
         [ 4.90022,  3.50335, -1.88544],
         [ 6.219  ,  4.27704, -6.39413],
         [-6.22899,  4.80871,  4.88433]])
  array([12.60543, 21.58625, -1.05446, 15.5899 , 29.28281, 17.5067 ])
  np.float64(247.48137077949897)]
 [array([[-2.02027, -0.23452,  8.63772],
         [ 0.70907,  6.69399, -8.50924],
         [-3.90405, -8.60755,  1.95877],
         [-1.83278, -3.8521 , -0.83555],
         [-6.09711,  7.64166,  2.27019],
         [ 4.24695,  5.77933,  5.50933]])
  array([23.42736, 25.14863, 16.9566 ,  7.48158, 24.41485, 20.73809])
  np.float64(808.3276107129262)]
 [array([[-8.74331,  5.90166,  5.07694],
         [-2.85093, -6.31986, -1.26225],
         [ 5.39103, -7.86084, -2.94267],
         [ 6.421  ,  3.59428, -8.3221 ],
         [ 7.56493,  6.03678, -8.04622],
         [-4.27024, -1.86967,  6.27958]])
  array([18.94229,  2.9678 , 11.27018, 11.188  ,  7.56037,  5.7208 ])
  np.float64(18.438984355754943)]
 [array([[ 8.35989,  1.49567, -1.00651],
         [ 1.30132,  0.7336 ,  3.65443],
         [ 2.70917, -5.15476, -9.35531],
         [-3.96807, -1.02887,  8.28146],
         [-2.78381, -7.24488,  8.54995],
         [-7.20783,  8.95019, -4.13366]])
  array([ 21.69751,   7.42729, -10.56229,  12.38368,   5.70576,  19.17883])
  np.float64(6.67679393956562)]]